0 21 95 82 56 41  6 25 10  4 63  6 44 40 75 79  0 89 35  9  1 85 84 12  0 26 91 11 35 82 26 69 56 86 45
 21  0 91 59 18 76 39 18 57 36 61 36 21 71 11 29 82 82  6 71  8 77 74 30 89 76 76 40 93 56  1 50  4 36 27
 95 91  0 85  2  1 15 11 35 11 20 21 61 80 58 21 76 72 44 85 94 90 51  3 48 29 90 66 41 15 83 96 74 45 65
 82 59 85  0 40 54 83 14 71 77 36 53 37 26 87 76 91 13 29 11 77 32 87 67 94 79  2 10 99 56 70 99 60  4 56
 56 18  2 40  0  2 60 72 74 46 13 20 86  4 77 15 89 48 14 89 44 59 22 57 63  6  0 62 41 62 46 25 75 76 40
 41 76  1 54  2  0 66 58 30 68 78 91 13 59 49 85 84  8 38 41 56 39 53 77 50 30 58 55 19 85 52 34 53 40 69
  6 39 15 83 60 66  0 12 85 72  7 49 46 87 58 17 68 27 21  6 67 26 82 44 35  3 62  8 51  1 91 39 87 72 45
 25 18 11 14 72 58 12  0 96  7 87 68 33  3 21 90 45 47 25 30 43 97 33 35 61 42 36 43  7 84  6  0  0 48 62
 10 57 35 71 74 30 85 96  0 59 29 94 82 29  3  3 51 67 39 15 66 42 23 62 62 28 76 66 82 98 35 15 17 77 44
  4 36 11 77 46 68 72  7 59  0 26 76 86 60 62 62 83 91 57 62 36  2  2 43 65 37 49 61  5 34 53 96 82 48 28
 63 61 20 36 13 78  7 87 29 26  0 31 75  1 95  7 92 69 62 32 97  5 39 50 82 93 71 35 14 20 74 49 50 37 79
  6 36 21 53 20 91 49 68 94 76 31  0 19 51 70 42 26 79 98 60 35  9 96 70 21 37 37 67 93 93 39  2 52 26 90
 44 21 61 37 86 13 46 33 82 86 75 19  0 26  1 68 93  7 94 19 54 37  0 20 12 11 66 84 80  1 55  9 21 12 65
 40 71 80 26  4 59 87  3 29 60  1 51 26  0  7 17 51 84 87  2 27 82 71 71 40 93 27 93 92 34 39 31 26  1 87
 75 11 58 87 77 49 58 21  3 62 95 70  1  7  0 72 59 97 46 62 12 91 63 70  1 22 49 24 58 62 49 94 92 63 13
 79 29 21 76 15 85 17 90  3 62  7 42 68 17 72  0 45 22 69 70 18  1 44 32  3 72 99 34 45 18 96 82 79 75 83
  0 82 76 91 89 84 68 45 51 83 92 26 93 51 59 45  0 43 26 81 39 66 22 71 58 42 91 56 27 56 28 64 98 69 69
 89 82 72 13 48  8 27 47 67 91 69 79  7 84 97 22 43  0 93 35 41 67 12 33  1 71 72 26 86 67 67 24 10 46 56
 35  6 44 29 14 38 21 25 39 57 62 98 94 87 46 69 26 93  0 56 69 53 48 74 43 94 29 64 97 38 12 99 51 87 76
  9 71 85 11 89 41  6 30 15 62 32 60 19  2 62 70 81 35 56  0 71 47 47  9 71 20 81 99 45 56 15 99 64 57 84
  1  8 94 77 44 56 67 43 66 36 97 35 54 27 12 18 39 41 69 71  0 83 61 25 41  8 46 52 22 33 68 52 28 75 99
 85 77 90 32 59 39 26 97 42  2  5  9 37 82 91  1 66 67 53 47 83  0  6 85 65 47 90 24 79 70 28 19 87 80  4
 84 74 51 87 22 53 82 33 23  2 39 96  0 71 63 44 22 12 48 47 61  6  0 21 34 12 20 67 24 94 10 64 52 92 49
 12 30  3 67 57 77 44 35 62 43 50 70 20 71 70 32 71 33 74  9 25 85 21  0 68 65 66 28 81 17 58 99 90 70 17
  0 89 48 94 63 50 35 61 62 65 82 21 12 40  1  3 58  1 43 71 41 65 34 68  0 57 37  2 37  3 43 20 68 35 60
 26 76 29 79  6 30  3 42 28 37 93 37 11 93 22 72 42 71 94 20  8 47 12 65 57  0 23 48 40 10 42 83 82 27 49
 91 76 90  2  0 58 62 36 76 49 71 37 66 27 49 99 91 72 29 81 46 90 20 66 37 23  0 15 34 50 42 26 33 23 16
 11 40 66 10 62 55  8 43 66 61 35 67 84 93 24 34 56 26 64 99 52 24 67 28  2 48 15  0 69 97 13 35 80 40 55
 35 93 41 99 41 19 51  7 82  5 14 93 80 92 58 45 27 86 97 45 22 79 24 81 37 40 34 69  0 30 22 76 55 56 91
 82 56 15 56 62 85  1 84 98 34 20 93  1 34 62 18 56 67 38 56 33 70 94 17  3 10 50 97 30  0 74 82 96  2 13
 26  1 83 70 46 52 91  6 35 53 74 39 55 39 49 96 28 67 12 15 68 28 10 58 43 42 42 13 22 74  0  4  4 35 48
 69 50 96 99 25 34 39  0 15 96 49  2  9 31 94 82 64 24 99 99 52 19 64 99 20 83 26 35 76 82  4  0 29 42 56
 56  4 74 60 75 53 87  0 17 82 50 52 21 26 92 79 98 10 51 64 28 87 52 90 68 82 33 80 55 96  4 29  0  3 30
 86 36 45  4 76 40 72 48 77 48 37 26 12  1 63 75 69 46 87 57 75 80 92 70 35 27 23 40 56  2 35 42  3  0 60
 45 27 65 56 40 69 45 62 44 28 79 90 65 87 13 83 69 56 76 84 99  4 49 17 60 49 16 55 91 13 48 56 30 60  0